UNITS UM,1000;
EDIT proj;
ADD P1 :W0.000000  0.000,-73.070 783.300,-73.070 783.300,73.071 0.000,73.071;
ADD P1 :W0.000000  0.000,-608.966 783.300,-608.966 783.300,-462.825 0.000,-462.825;
ADD P1 :W0.000000  -93.267,166.472 -239.677,166.472 0.000,-73.205 0.000,73.205 -93.267,73.205;
ADD P1 :W0.000000  -239.677,887.232 -239.677,166.472 -93.267,166.472 -93.267,887.232;
ADD P1 :W0.000000  -239.677,887.232 -93.267,887.232 -332.944,1126.909 -332.944,980.499 -239.677,980.499;
ADD P1 :W0.000000  -479.085,980.634 -332.944,980.634 -332.944,1126.775 -479.085,1126.775;
ADD P1 :W0.000000  -625.226,980.633 -625.226,1126.774 -479.085,1126.774 -479.085,980.633;
ADD P1 :W0.000000  -915.014,980.634 -625.226,980.634 -625.226,1126.775 -915.014,1126.775;
ADD P1 :W0.000000  -479.085,1126.775 -479.085,1437.068 -625.226,1437.068 -625.226,1126.775;
ADD P1 :W0.000000  0.000,-609.101 0.000,-462.691 -239.677,-702.368 -93.267,-702.368 -93.267,-609.101;
ADD P1 :W0.000000  -239.677,-702.368 -239.677,-1423.128 -93.267,-1423.128 -93.267,-702.368;
ADD P1 :W0.000000  -332.944,-1516.395 -332.944,-1662.805 -93.267,-1423.128 -239.677,-1423.128 -239.677,-1516.395;
ADD P1 :W0.000000  -479.085,-1662.670 -332.944,-1662.670 -332.944,-1516.529 -479.085,-1516.529;
ADD P1 :W0.000000  -479.085,-1516.529 -479.085,-1662.670 -625.226,-1662.670 -625.226,-1516.529;
ADD P1 :W0.000000  -479.086,-1662.671 -479.086,-1972.964 -625.227,-1972.964 -625.227,-1662.671;
ADD P1 :W0.000000  -915.014,-1662.670 -625.226,-1662.670 -625.226,-1516.529 -915.014,-1516.529;
ADD P1 :W0.000000  783.300,73.205 783.300,-73.205 1022.977,166.472 876.567,166.472 876.567,73.205;
ADD P1 :W0.000000  876.567,887.232 876.567,166.472 1022.977,166.472 1022.977,887.232;
ADD P1 :W0.000000  1116.244,980.499 1116.244,1126.909 876.567,887.232 1022.977,887.232 1022.977,980.499;
ADD P1 :W0.000000  1116.244,980.634 1262.385,980.634 1262.385,1126.775 1116.244,1126.775;
ADD P1 :W0.000000  1262.385,980.633 1262.385,1126.774 1408.526,1126.774 1408.526,980.633;
ADD P1 :W0.000000  1408.526,1126.775 1408.526,1437.068 1262.385,1437.068 1262.385,1126.775;
ADD P1 :W0.000000  1408.526,980.634 1698.314,980.634 1698.314,1126.775 1408.526,1126.775;
ADD P1 :W0.000000  876.567,-702.368 1022.977,-702.368 783.300,-462.691 783.300,-609.101 876.567,-609.101;
ADD P1 :W0.000000  876.567,-702.368 876.567,-1423.128 1022.977,-1423.128 1022.977,-702.368;
ADD P1 :W0.000000  1022.977,-1423.128 876.567,-1423.128 1116.244,-1662.805 1116.244,-1516.395 1022.977,-1516.395;
ADD P1 :W0.000000  1116.244,-1662.670 1262.385,-1662.670 1262.385,-1516.529 1116.244,-1516.529;
ADD P1 :W0.000000  1408.526,-1516.529 1408.526,-1662.670 1262.385,-1662.670 1262.385,-1516.529;
ADD P1 :W0.000000  1408.526,-1662.670 1698.314,-1662.670 1698.314,-1516.529 1408.526,-1516.529;
ADD P1 :W0.000000  1408.525,-1662.671 1408.525,-1972.964 1262.384,-1972.964 1262.384,-1662.671;
SAVE;
